%YAML:1.0
---
calibrationDate: "Tue Jun 11 21:47:41 2019\n"
transformationMatrix: !!opencv-matrix
   rows: 4
   cols: 4
   dt: d
   data: [ 3.8303779033542074e-01, 5.0865686175462599e-01,
       7.7107084510108048e-01, -3.9922837134969796e-01,
       -1.3091940144215991e-01, -7.9641399354481723e-01,
       5.9041075634851281e-01, -3.6297814914929227e-01,
       9.1440809352333807e-01, -3.2709776501213239e-01,
       -2.3846360439925177e-01, -8.2182685664832589e-01, 0., 0., 0., 1. ]
