%YAML:1.0
---
calibrationDate: "Thu May 16 15:34:24 2019\n"
transformationMatrix: !!opencv-matrix
   rows: 4
   cols: 4
   dt: d
   data: [ 4.2166229130434063e-01, 2.6076404770116507e-01,
       8.6844863032794173e-01, -6.4182136527872399e+02,
       -3.0675397981218822e-01, -8.6026312528119053e-01,
       4.0724605725632568e-01, -2.1144073143235457e+02,
       8.5328946317258392e-01, -4.3812037924290104e-01,
       -2.8275011110643189e-01, -3.6556340247729389e+02, 0., 0., 0., 1. ]
