%YAML:1.0
---
calibrationDate: "Sat Jun  1 23:21:25 2019\n"
transformationMatrix: !!opencv-matrix
   rows: 4
   cols: 4
   dt: d
   data: [ 3.2784157793306745e-01, 5.7015186677750129e-01,
       7.5329061363360084e-01, -4.1075945434532150e+02,
       -1.6072805412874028e-01, -7.5207305969321314e-01,
       6.3918119926956374e-01, -3.1556835799832686e+02,
       9.3095993060622373e-01, -3.3062510747645762e-01,
       -1.5492141850575586e-01, -6.7604912236986854e+02, 0., 0., 0., 1. ]
