%YAML:1.0
---
calibrationDate: "Wed Jun 12 00:13:10 2019\n"
transformationMatrix: !!opencv-matrix
   rows: 4
   cols: 4
   dt: d
   data: [ 7.5731946551930707e-01, -2.9238481594251603e-02,
       -6.5238971354521980e-01, -1.1300657843597149e-02,
       -6.5270820801391605e-01, -1.8296606731369736e-03,
       -7.5760718550782202e-01, 1.4270884268244841e-02,
       2.0957631946710398e-02, 9.9957078965718260e-01,
       -2.0469834569493611e-02, 2.6339626125542176e-01, 0., 0., 0., 1. ]
