%YAML:1.0
---
calibrationDate: "Wed Jun 12 00:13:01 2019\n"
cameraMatrix: !!opencv-matrix
   rows: 3
   cols: 3
   dt: d
   data: [ 2.7438132957664843e+03, 0., 9.3407833863808469e+02, 0.,
       2.7479708525578180e+03, 6.2398713498481789e+02, 0., 0., 1. ]
distCoeffs: !!opencv-matrix
   rows: 1
   cols: 5
   dt: d
   data: [ -2.7376379494322428e-01, 2.6815940856299847e-01,
       -2.4014605874067576e-03, 1.9113009296442553e-03,
       -1.9402776912708938e-01 ]
