%YAML:1.0
---
calibrationDate: "Fri May 31 17:10:09 2019\n"
cameraMatrix: !!opencv-matrix
   rows: 3
   cols: 3
   dt: d
   data: [ 2.7439693664005263e+03, 0., 9.3358510390658284e+02, 0.,
       2.7481913424268546e+03, 6.2514498803863171e+02, 0., 0., 1. ]
distCoeffs: !!opencv-matrix
   rows: 1
   cols: 5
   dt: d
   data: [ -2.7319537769087493e-01, 2.6543469570872369e-01,
       -2.3902914135026480e-03, 1.8994123637586888e-03,
       -2.0610049176420811e-01 ]
