%YAML:1.0
---
pose: [ 3.25959712e-01, -2.28156552e-01, 1.64943695e-01, 8.48477602e-01,
    -4.76337261e-02, 2.91832566e-01, 4.38919783e-01 ]
