%YAML:1.0
---
pose: [ 4.99999989e-03, 3.56987549e+03, 0., 0., 1., 0., 9.23879504e-01 ]
