%YAML:1.0
---
frameCount: 5
calibrationDate: "Thu Apr  4 10:16:05 2019\n"
cameraMatrix: !!opencv-matrix
   rows: 3
   cols: 3
   dt: d
   data: [ 2.7833498959883905e+03, 0., 9.6169021172254872e+02, 0.,
       2.7779874914452748e+03, 5.6443889295668816e+02, 0., 0., 1. ]
distCoeffs: !!opencv-matrix
   rows: 1
   cols: 5
   dt: d
   data: [ -2.1921173495490079e-01, -4.2180428133006498e-01,
       -1.9496520667999690e-05, 2.2834720453062652e-03,
       5.9120149106498419e+00 ]
