%YAML:1.0
---
pose: [ -1., 2.80121799e-06, 0., 9.23879504e-01, 2.80121799e-06, 1., 0.,
    0., 0., 0., -1., 0., 0., 0., 0., 1. ]
