%YAML:1.0
---
pose: [ 5.65091133e-01, -6.10638440e-01, -5.54790676e-01, 5.24451017e-01,
    1.22761734e-01, 7.27198482e-01, -6.75360620e-01, 0., 8.15844059e-01,
    3.13533217e-01, 4.85896438e-01, 0., 0., 0., 0., 1. ]
